51
36
36
156
21
159
36
186
12
171
204
210
189
204
150
237
288
180
282
162
129
138
117
108
51
207
216
12
45
60
204
102
96
204
279
30
108
123
168
165
264
72
117
228
183
99
252
222
303
18
66
270
42
144
270
171
159
75
240
264
264
78
303
186
159
141
147
114
213
279
276
102
270
201
276
48
171
39
45
183
99
84
174
129
15
36
174
156
141
60
189
87
117
105
186
90
201
21
267
210
201
255
9
57
156
282
60
87
33
9
180
225
102
282
144
60
78
126
273
291
45
63
306
159
285
9
177
84
108
78
288
138
168
186
297
42
240
45
36
12
15
306
183
141
36
255
96
240
264
279
51
117
276
264
75
273
303
159
24
33
267
78
129
12
123
66
78
84
114
246
168
57
117
306
27
237
102
18
306
75
45
294
27
72
195
18
114
264
165
150
54
45
9
63
249
213
246
15
63
54
243
123
237
60
147
183
114
210
144
114
213
159
81
102
135
234
159
72
51
246
231
60
264
264
24
21
81
231
183
273
153
231
270
105
72
246
138
264
201
246
15
270
168
168
90
291
243
21
183
240
36
36
225
72
201
150
114
108
60
147
261
300
102
81
222
180
249
147
231
252
135
30
21
12
297
93
150
90
168
141
105
96
246
39
246
9
33
81
9
84
156
186
57
198
126
96
258
177
303
201
48
105
90
162
132
105
216
282
213
279
222
102
120
225
303
183
180
9
66
177
240
15
90
234
177
36
99
291
9
177
147
237
264
168
174
261
78
129
48
153
54
36
147
132
105
300
246
111
264
54
54
42
84
267
303
105
252
183
240
234
300
21
114
294
126
54
261
288
192
249
216
228
72
93
216
306
93
276
198
213
288
150
153
78
177
207
120
198
21
231
288
174
99
168
222
234
81
45
66
108
273
207
252
258
150
225
18
270
15
267
276
63
96
216
132
177
228
57
186
192
144
57
93
132
138
12
156
33
300
108
78
186
150
72
105
87
294
69
156
15
78
186
105
216
192
117
93
240
213
159
126
192
144
183
114
285
168
36
57
117
237
12
153
108
24
135
90
192
258
36
102
279
303
132
96
306
231
72
186
174
222
243
291
105
87
69
189
174
291
69
282
297
159
285
156
39
303
264
228
252
231
240
174
138
123
150
171
36
135
132
225
66
54
141
75
117
9
51
24
249
189
234
198
33
216
90
111
153
96
60
93
207
261
75
243
102
210
186
90
15
21
171
213
120
42
276
168
57
60
264
255
246
132
54
228
291
258
36
216
165
291
42
72
120
180
153
222
120
15
279
297
30
45
57
27
177
252
180
237
192
75
12
231
300
186
264
303
279
102
102
24
252
126
249
129
285
126
144
297
222
180
144
186
237
69
12
201
69
132
114
150
96
174
42
258
135
162
156
234
42
168
255
105
30
276
81
135
108
276
27
303
201
186
207
108
84
267
159
117
294
24
258
270
84
63
285
156
120
93
39
75
180
72
126
24
99
114
267
192
93
72
108
228
117
66
30
66
132
282
189
102
267
189
264
276
303
177
240
252
306
150
57
72
282
261
15
264
270
276
195
234
75
288
135
192
132
219
51
153
195
84
279
276
285
240
114
288
267
30
294
300
279
168
60
189
243
162
243
204
177
114
240
48
198
51
126
183
123
291
12
27
60
261
84
126
189
51
252
285
255
54
291
207
30
63
120
171
63
75
138
234
189
15
51
180
279
213
147
288
63
51
81
156
222
78
36
81
213
147
96
117
291
228
216
117
216
303
303
90
150
189
222
105
87
273
210
294
216
120
135
78
189
237
246
111
108
171
138
123
18
18
93
87
264
210
231
147
147
153
27
279
240
165
246
258
252
252
150
51
273
42
273
102
144
126
207
18
276
162
39
69
33
42
252
45
285
237
144
177
174
132
300
186
132
261
288
42
180
48
210
186
102
105
291
36
192
243
210
255
237
108
246
36
120
267
141
15
99
306
84
120
297
210
237
171
237
12
192
129
138
249
189
270
273
228
66
183
27
132
90
21
201
291
90
186
54
102
261
105
285
177
279
264
252
294
195
159
267
207
288
204
123
156
72
108
135
243
27
141
48
264
291
126
51
90
270
162
294
243
144
132
288
105
288
249
69
171
12
39
273
219
21
222
57
189
240
48
12
135
135
276
39
162
135
132
45
282
219
192
66
45
51
210
111
9
105
183
210
246
273
36
39
291
225
279
207
225
93
219
15
66
42
183
147
210
273
72
84
183
261
108
24
174
9
51
114
87
198
102
195
