88
98
16
13
45
9
35
41
9
88
11
71
98
74
90
42
66
89
15
52
18
100
41
52
46
75
83
100
83
43
65
17
32
27
94
5
19
38
16
44
32
1
92
100
92
4
6
3
99
62
24
32
48
67
97
13
88
86
44
52
68
53
28
94
50
81
84
48
26
87
50
84
40
77
95
33
31
90
84
5
75
35
23
60
69
82
65
20
45
31
67
53
60
6
12
7
89
57
96
68
16
63
97
57
79
87
35
71
81
9
63
33
10
86
20
44
85
87
38
16
53
25
38
75
23
83
28
81
7
22
100
15
29
14
93
79
95
31
12
89
66
41
70
86
22
70
68
97
2
52
6
21
15
89
24
70
83
56
24
76
36
30
6
32
93
84
5
97
37
63
65
96
65
1
2
72
13
84
17
16
86
91
1
31
1
42
22
79
54
11
26
10
27
3
18
12
12
79
36
38
15
67
55
80
77
14
42
20
50
20
17
22
77
64
63
8
52
92
68
92
58
35
94
32
73
87
21
69
88
77
13
59
77
23
13
38
4
7
7
43
31
26
40
54
27
29
88
17
29
25
1
40
22
50
17
92
24
74
1
64
42
19
69
41
29
69
54
84
93
62
3
39
50
65
73
74
21
48
62
65
49
3
84
66
77
92
55
30
7
42
34
55
18
10
40
61
47
96
50
29
94
17
35
44
43
98
93
36
81
83
91
79
31
90
87
19
2
14
91
12
47
84
38
13
7
61
71
64
8
2
19
5
19
57
50
66
22
45
95
83
59
90
79
13
28
69
34
3
95
97
28
71
36
56
58
32
20
56
22
4
19
19
28
47
20
42
86
17
77
32
64
87
8
71
87
40
56
74
59
19
66
81
54
82
1
12
65
87
20
49
88
48
91
43
31
1
64
72
67
97
11
61
39
58
86
62
17
49
64
44
92
50
84
32
4
72
90
64
65
29
74
36
29
9
73
99
53
41
17
95
28
94
96
77
80
16
19
55
37
95
100
54
57
37
53
74
49
52
99
46
72
63
91
25
35
41
67
50
58
66
42
36
62
76
37
42
31
69
48
39
88
40
70
23
77
31
83
21
48
73
59
50
99
12
31
13
19
38
36
69
86
64
1
43
99
100
31
25
5
88
29
63
36
80
52
49
56
2
57
54
58
89
4
24
31
95
11
98
10
25
95
31
68
97
100
80
83
54
97
38
43
47
5
55
13
5
98
45
72
14
45
70
100
60
20
39
22
80
46
100
27
17
20
94
23
78
2
99
14
15
9
99
59
45
17
86
14
91
34
74
41
55
49
45
42
60
17
74
29
61
80
39
69
74
75
51
33
88
83
44
67
27
63
82
35
60
53
65
68
34
54
97
67
43
95
36
91
29
30
30
77
82
11
93
92
35
54
50
87
96
34
64
75
17
77
45
49
75
40
83
4
1
72
42
87
55
65
14
87
66
97
21
84
90
72
67
75
82
12
61
61
99
8
15
65
99
76
59
82
36
86
10
2
83
43
64
3
75
79
60
82
15
70
15
61
43
71
12
52
35
72
72
13
61
32
42
45
6
40
51
64
6
99
94
56
37
43
1
40
61
54
51
31
36
76
13
3
73
97
29
30
74
91
13
82
68
55
64
2
9
52
52
76
17
5
41
65
53
27
62
52
9
78
96
66
23
76
60
69
78
49
4
15
60
78
91
67
55
79
58
30
26
99
44
36
97
39
69
97
2
56
81
100
58
68
20
18
8
17
14
4
33
93
27
86
26
54
8
37
20
54
24
5
19
22
85
34
18
26
43
5
54
80
7
60
98
3
43
88
50
30
6
95
7
43
25
9
2
75
89
31
19
73
27
92
98
14
92
43
63
67
5
100
41
42
64
2
89
58
96
79
33
60
8
68
59
32
47
72
42
76
62
12
83
46
77
71
31
96
77
83
88
64
70
7
37
47
31
5
44
76
4
34
34
45
43
81
32
56
50
26
37
87
69
77
8
43
88
90
100
21
38
83
100
20
93
34
43
77
88
40
96
71
99
80
96
38
100
62
58
25
79
89
47
15
17
10
15
90
91
76
12
15
100
93
67
40
87
63
35
91
28
44
95
22
48
14
26
76
62
71
46
58
89
48
80
43
70
67
98
53
35
38
69
25
73
43
21
92
15
85
40
49
73
98
5
65
61
6
95
12
39
26
81
64
58
47
20
81
17
55
34
59
75
55
69
21
60
33
83
79
74
78
74
91
38
42
25
31
15
94
88
90
2
40
19
13
100
55
92
